0 0.154251 0 0
0.1 0.254251 0 0
0.2 -12.0038 -0.1 0
0.3 -11.9042 -0.199188 0
0.4 -20.5607 8.32241 0
0.5 -20.4104 8.07445 0
0.6 -26.666 18.2946 0
0.7 -26.4701 17.8744 0
0.8 -31.4978 28.554 0
0.9 -31.2617 27.9526 0
1 -35.5408 38.7549 0
1.1 -35.2686 37.9678 0
1.2 -39.0352 48.7601 0
1.3 -38.7297 47.7845 0
1.4 -42.118 58.5021 0
1.5 -41.7811 57.3364 0
1.6 -44.8756 67.9428 0
1.7 -44.5089 66.5858 0
1.8 -47.3663 77.0588 0
1.9 -46.9709 75.5096 0
2 -49.6316 85.8346 0
2.1 -49.2084 84.0925 0
2.2 -51.7023 94.2592 0
2.3 -51.252 92.3237 0
2.4 -53.6018 102.325 0
2.5 -53.125 100.196 0
2.6 -55.3485 110.026 0
2.7 -54.8456 107.702 0
2.8 -56.9571 117.357 0
2.9 -56.4283 114.839 0
3 -58.4394 124.316 0
3.1 -57.885 121.604 0
3.2 -59.8055 130.899 0
3.3 -59.2255 127.992 0
3.4 -61.0633 137.104 0
3.5 -60.4578 134.002 0
3.6 -62.2197 142.929 0
3.7 -61.5888 139.632 0
3.8 -63.2807 148.373 0
3.9 -62.6241 144.881 0
4 -64.2512 153.434 0
4.1 -63.5688 149.747 0
4.2 -65.1353 158.111 0
4.3 -64.4269 154.229 0
4.4 -65.9367 162.404 0
4.5 -65.2021 158.326 0
4.6 -66.6587 166.311 0
4.7 -65.8975 162.038 0
4.8 -67.3037 169.832 0
4.9 -66.5156 165.364 0
5 -67.8743 172.966 0
5.1 -67.0588 168.303 0
5.2 -68.3722 175.714 0
5.3 -67.5289 170.855 0
5.4 -68.7992 178.073 0
5.5 -67.9274 173.02 0
5.6 -69.1566 180.045 0
5.7 -68.2558 174.797 0
5.8 -69.4456 181.629 0
5.9 -68.5151 176.186 0
6 -69.667 182.824 0
6.1 -68.7061 177.186 0
6.2 -69.8216 183.631 0
6.3 -68.8294 177.799 0
6.4 -69.9098 184.049 0
6.5 -68.8853 178.022 0
6.6 -69.9318 184.079 0
6.7 -68.8742 177.858 0
6.8 -69.8878 183.72 0
6.9 -68.7958 177.305 0
7 -69.7775 182.972 0
7.1 -68.65 176.363 0
7.2 -69.6007 181.836 0
7.3 -68.4364 175.033 0
7.4 -69.3569 180.311 0
7.5 -68.1542 173.315 0
7.6 -69.0452 178.398 0
7.7 -67.8025 171.209 0
7.8 -68.6648 176.097 0
7.9 -67.3803 168.715 0
8 -68.2143 173.408 0
8.1 -66.8861 165.834 0
8.2 -67.6924 170.332 0
8.3 -66.3182 162.566 0
8.4 -67.0973 166.869 0
8.5 -65.6746 158.911 0
8.6 -66.4269 163.019 0
8.7 -64.953 154.871 0
8.8 -65.6788 158.784 0
8.9 -64.1505 150.445 0
9 -64.8502 154.163 0
9.1 -63.264 145.635 0
9.2 -63.9377 149.157 0
9.3 -62.2896 140.442 0
9.4 -62.9376 143.769 0
9.5 -61.223 134.866 0
9.6 -61.8455 137.998 0
9.7 -60.059 128.909 0
9.8 -60.6559 131.846 0
9.9 -58.7914 122.573 0
10 -59.3629 125.315 0
10.1 -57.4132 115.859 0
