0 0.525322 0 0
0.1 0.625322 0 0
0.2 -11.6327 -0.1 0
0.3 -11.5331 -0.199188 0
0.4 -20.1896 8.32241 0
0.5 -20.0393 8.07445 0
0.6 -26.295 18.2946 0
0.7 -26.099 17.8744 0
0.8 -31.1267 28.554 0
0.9 -30.8907 27.9526 0
1 -35.1698 38.7549 0
1.1 -34.8976 37.9678 0
1.2 -38.6642 48.7601 0
1.3 -38.3586 47.7845 0
1.4 -41.747 58.5021 0
1.5 -41.41 57.3364 0
1.6 -44.5045 67.9428 0
1.7 -44.1378 66.5858 0
1.8 -46.9952 77.0588 0
1.9 -46.5998 75.5096 0
2 -49.2605 85.8346 0
2.1 -48.8374 84.0925 0
2.2 -51.3312 94.2592 0
2.3 -50.881 92.3237 0
2.4 -53.2307 102.325 0
2.5 -52.7539 100.196 0
2.6 -54.9774 110.026 0
2.7 -54.4745 107.702 0
2.8 -56.586 117.357 0
2.9 -56.0572 114.839 0
3 -58.0684 124.316 0
3.1 -57.514 121.604 0
3.2 -59.4344 130.899 0
3.3 -58.8544 127.992 0
3.4 -60.6922 137.104 0
3.5 -60.0867 134.002 0
3.6 -61.8487 142.929 0
3.7 -61.2177 139.632 0
3.8 -62.9097 148.373 0
3.9 -62.253 144.881 0
4 -63.8801 153.434 0
4.1 -63.1977 149.747 0
4.2 -64.7642 158.111 0
4.3 -64.0558 154.229 0
4.4 -65.5657 162.404 0
4.5 -64.8311 158.326 0
4.6 -66.2876 166.311 0
4.7 -65.5264 162.038 0
4.8 -66.9327 169.832 0
4.9 -66.1446 165.364 0
5 -67.5032 172.966 0
5.1 -66.6877 168.303 0
5.2 -68.0011 175.714 0
5.3 -67.1578 170.855 0
5.4 -68.4281 178.073 0
5.5 -67.5564 173.02 0
5.6 -68.7855 180.045 0
5.7 -67.8848 174.797 0
5.8 -69.0745 181.629 0
5.9 -68.144 176.186 0
6 -69.296 182.824 0
6.1 -68.335 177.186 0
6.2 -69.4505 183.631 0
6.3 -68.4583 177.799 0
6.4 -69.5387 184.049 0
6.5 -68.5143 178.022 0
6.6 -69.5607 184.079 0
6.7 -68.5031 177.858 0
6.8 -69.5167 183.72 0
6.9 -68.4247 177.305 0
7 -69.4064 182.972 0
7.1 -68.279 176.363 0
7.2 -69.2297 181.836 0
7.3 -68.0653 175.033 0
7.4 -68.9858 180.311 0
7.5 -67.7831 173.315 0
7.6 -68.6741 178.398 0
7.7 -67.4315 171.209 0
7.8 -68.2937 176.097 0
7.9 -67.0092 168.715 0
8 -67.8432 173.408 0
8.1 -66.515 165.834 0
8.2 -67.3213 170.332 0
8.3 -65.9471 162.566 0
8.4 -66.7262 166.869 0
8.5 -65.3035 158.911 0
8.6 -66.0558 163.019 0
8.7 -64.5819 154.871 0
8.8 -65.3077 158.784 0
8.9 -63.7794 150.445 0
9 -64.4791 154.163 0
9.1 -62.8929 145.635 0
9.2 -63.5667 149.157 0
9.3 -61.9185 140.442 0
9.4 -62.5666 143.769 0
9.5 -60.8519 134.866 0
9.6 -61.4744 137.998 0
9.7 -59.6879 128.909 0
9.8 -60.2848 131.846 0
9.9 -58.4204 122.573 0
10 -58.9918 125.315 0
10.1 -57.0421 115.859 0
