1 -0.311435
3 0.697398
4 -0.17859
6 -1.52807
8 0.56928
9 0.810935
10 -0.798299
11 0.215661
13 0.436074
14 -1.10991
15 1.30021
16 0.186332
18 0.343464
19 -0.556061
21 1.28623
22 -0.474913
23 -1.85484
25 -1.44599
26 0.896368
27 -0.466177
28 -0.555381
30 -0.256994
31 0.249085
32 -0.391283
33 0.361149
35 0.714709
37 -2.02526
38 -0.765064
39 0.884593
42 0.777025
44 0.587057
45 -1.45578
46 -1.76481
47 0.0549468
48 -0.34472
51 -1.1865
52 1.16132
54 -0.472078
56 0.877718
58 1.57401
59 0.820566
61 0.0730917
62 0.495477
63 -0.99034
64 -0.673601
65 -0.695774
67 -0.302606
69 0.521278
70 1.37753
71 -1.46986
72 -0.222267
73 0.311456
74 -0.140695
75 -2.57505
76 2.53049
77 1.43551
79 -0.598049
80 0.045984
81 0.444382
82 0.362358
85 0.498412
86 0.263854
87 0.468868
88 -1.91841
89 -1.04511
90 -0.496241
91 0.230705
92 0.0479
93 0.123476
94 0.798493
96 0.198914
97 0.982824
99 1.05518
100 -0.377232
101 0.132228
102 -3.06248
103 1.00751
104 -1.66443
105 -0.430082
106 -0.442573
107 -0.870601
108 0.646129
109 -0.965481
110 -1.40566
111 -0.453363
112 0.238244
113 -0.693197
114 -0.0995754
115 1.22328
117 -0.0190665
118 -0.258176
119 0.566523
120 1.32091
121 0.273116
122 0.0831669
123 1.12926
125 0.836544
126 1.11688
127 2.06016
128 0.108096
130 -0.700919
131 -1.2064
132 2.12486
133 -0.464867
134 -0.768298
135 0.52835
136 -0.921268
137 -1.69453
138 -2.37487
139 0.477134
141 -0.593709
142 -1.2942
143 -0.957657
144 0.1195
145 0.25056
146 1.51477
147 -0.77953
150 0.169808
151 -0.0929636
152 0.208014
153 -1.21312
154 -0.665079
155 -0.208231
156 1.48418
157 0.750394
158 -0.301183
160 1.84906
161 1.46209
162 -0.258658
163 -1.34607
164 -2.48149
165 0.140608
166 -2.01832
167 -1.88869
168 0.270152
169 0.854132
171 -0.984838
172 -1.38111
173 -0.625816
174 -1.52784
175 0.185441
176 -0.0597043
178 2.02923
179 -0.954388
180 0.632932
182 1.60975
184 0.335455
185 -0.647843
186 -0.440612
187 0.574814
188 -0.260811
189 -0.255605
190 -0.332529
191 0.801741
192 1.05578
193 0.0889319
194 -2.03131
195 0.629782
196 -1.62301
198 -0.633184
200 -0.212075
202 -0.295242
203 0.825604
204 1.15921
205 1.75038
206 -1.48859
207 -0.847644
208 0.269503
210 -2.57943
211 -1.42034
212 0.968152
213 -1.62684
214 0.610469
216 -1.82149
217 -0.576046
218 -1.09337
219 -0.499236
220 -0.405028
221 -0.87294
222 0.551836
223 0.0994572
224 2.75236
225 -0.0199162
227 0.90835
228 2.70957
229 -0.489084
230 0.328345
231 0.13717
232 -0.750593
233 0.331356
235 -2.29261
236 1.50246
237 0.869834
239 0.209179
241 -1.0524
242 1.21629
243 -0.197561
244 1.47821
245 -0.970522
246 -0.725632
248 0.373244
251 -0.185804
252 -0.0746584
253 -0.288707
254 -0.0381187
255 1.31958
256 -0.410573
257 -1.04228
258 1.0425
259 -0.618574
261 1.39296
262 -0.932354
263 0.549567
264 -0.0913981
265 -1.96944
268 0.570977
270 -1.1505
271 0.183832
272 0.156693
273 0.0932471
274 0.0858545
275 -0.772725
276 -1.23282
278 -0.0361206
280 -0.542905
281 -1.45522
282 0.556323
283 1.96497
284 1.87182
287 -0.716925
289 -0.00360759
290 0.920031
293 -0.72912
294 -0.6121
295 -0.203268
296 0.952423
297 -0.581023
298 -0.214639
302 -1.13434
303 -1.3756
305 -1.57972
306 0.0884332
308 0.295574
309 0.0359483
310 0.115779
311 1.0374
312 -0.678492
313 -0.0789236
314 -0.0375306
316 0.338422
318 -0.122764
319 1.03029
320 0.279306
321 0.301716
323 -0.0662509
324 0.590099
325 -0.572846
326 -0.78759
327 0.0238909
328 -0.203739
329 -1.57718
330 -0.238005
331 0.911782
332 -0.961469
333 0.802793
334 0.52155
335 0.00825451
336 0.820759
337 0.858141
339 -1.2549
341 -0.00879783
343 -0.628695
344 1.65092
345 -0.0133043
346 1.04855
347 0.13236
348 -0.824817
351 1.22122
352 2.45358
354 -0.152164
355 1.1237
356 -0.320992
357 -0.404218
358 0.647857
359 -0.244425
362 -0.971981
363 -0.951902
364 0.530598
365 0.378597
366 -0.609388
367 -0.385991
368 -0.600124
370 1.44634
371 -0.345689
372 -0.981239
373 -1.29658
374 1.38941
375 -0.0463141
376 -1.53696
377 -0.235439
378 0.326678
379 1.07279
381 -0.67167
382 0.976297
383 -0.377703
384 0.606223
385 0.350264
386 -0.48517
387 0.517738
388 0.247106
389 -0.566657
390 0.158538
392 0.555538
394 -0.127073
395 0.475386
396 1.27998
397 1.60018
398 -1.78621
399 -0.295525
400 -0.960241
401 0.199229
402 0.255513
403 -0.458186
404 -0.599731
405 1.1945
407 -1.56874
408 -0.457933
410 1.6193
411 -0.774426
412 -0.0624249
413 1.48859
414 -1.57732
416 -0.449822
419 1.06648
420 -0.289001
421 -1.52155
422 -3.53627
423 1.57695
425 1.65456
426 1.36174
427 0.416105
428 0.912598
429 0.27985
430 -1.58068
431 -0.771797
432 -0.925553
433 -0.248373
434 0.0296692
435 -0.113717
436 -0.422777
437 -0.974477
438 0.462311
439 0.575836
440 1.68963
443 1.18181
444 -0.672949
445 -0.623521
446 -0.034849
450 1.18922
451 -0.199617
453 0.381243
454 0.00755108
456 -0.656703
457 -0.359063
458 -0.244748
461 -0.0654418
462 0.701406
463 -2.09349
464 -0.0624377
466 0.301124
467 0.211423
470 0.0635655
471 -0.938132
472 -0.242248
476 -0.151333
477 -0.333001
478 -1.6156
479 -0.255332
480 -1.04066
481 -0.0035509
482 0.246435
484 1.30557
485 0.390921
486 0.390244
487 -0.943893
492 0.145509
494 -0.809499
495 2.04008
496 -0.13863
497 1.23309
498 2.87339
499 0.0715843
500 -0.290841
501 1.16017
502 0.89923
506 0.292923
507 0.562336
508 1.53615
509 0.0754175
510 -0.451235
511 0.457999
512 -0.362523
513 -0.886033
517 -0.675697
518 0.499354
520 -0.83191
521 -1.58018
523 -0.663383
524 0.269165
526 1.39078
527 -1.09953
529 1.408
530 0.765206
531 2.26167
532 -0.267097
533 2.00821
534 0.874984
535 0.340682
536 -0.788095
538 1.26646
539 0.788427
540 -0.0263379
541 -0.0809903
542 1.11404
543 0.767263
545 0.229744
546 0.395966
547 -1.69203
548 -0.422067
549 -0.400411
550 1.43058
551 -0.35313
552 0.926129
554 -0.411594
555 0.340658
556 -0.0804855
557 -1.93276
558 0.873492
559 -0.0826127
563 1.62602
564 -0.230271
565 0.534673
566 1.13715
567 -1.01168
568 -0.621188
569 -0.846192
570 1.46054
571 -0.165746
572 2.1636
573 -2.01049
578 0.403161
579 -2.51285
580 -0.619048
581 0.243537
582 0.353325
583 -0.316995
585 -0.959431
586 0.630393
587 0.181858
588 0.0889351
589 0.184539
590 1.77894
591 1.11967
592 0.0362343
593 -0.639136
594 -0.562878
596 -2.19587
598 0.489782
599 -0.56717
600 -0.422603
601 -0.0338524
603 0.763936
604 0.738951
605 1.05051
606 -1.00704
607 -0.801814
608 0.464296
610 -0.467569
611 -1.42702
612 1.41894
613 -0.280679
615 0.965508
616 1.27271
619 -0.652604
620 -1.22176
621 0.74489
622 -0.387966
624 0.775047
626 0.431813
628 -1.19921
629 1.77413
630 0.891483
632 0.344359
634 -2.20851
636 0.36796
637 -1.00114
638 -0.668934
639 2.75391
641 1.24369
643 -1.5203
644 -0.850377
646 -0.163345
647 0.0117685
649 -0.93915
650 -0.671649
651 0.91133
652 -0.77235
653 0.621557
655 -1.30646
658 -0.558957
660 1.39387
661 0.0980045
664 -0.761406
665 -0.0347627
666 -1.00189
667 0.572813
668 -0.653958
669 -0.548779
670 -0.824865
671 -0.798872
672 0.519847
673 1.64185
675 -0.707371
677 -1.17655
678 -1.29267
679 -1.2056
682 -0.587177
683 -0.922442
684 1.2663
685 -0.426137
686 0.0085561
687 0.292858
689 0.197136
690 0.0724771
691 1.76215
695 0.845828
696 0.284345
697 0.0469304
698 1.09974
701 1.05662
702 -0.106705
703 0.50415
705 0.0232529
707 0.125774
709 -2.12427
712 0.766753
713 -1.13584
714 -0.991953
715 -1.24962
716 1.2493
717 -0.424485
718 -1.23022
719 0.554124
721 1.80401
722 -0.865768
723 -0.202292
724 0.454665
725 -0.249139
727 -0.998185
728 1.13277
729 -0.522987
730 -0.063278
732 -0.250875
733 -1.2428
734 -1.39726
736 -0.068909
737 0.108031
739 0.892651
740 -0.232341
741 -1.02208
742 0.221221
743 0.0758671
745 -0.177947
746 0.53773
747 0.592503
748 1.04323
749 1.38025
750 1.44802
751 0.983502
752 0.656629
753 -1.61027
754 -0.261345
755 0.213955
756 -3.01742
757 -0.0886544
758 2.10314
759 -0.919651
760 0.0330693
761 -0.754849
763 -0.283912
764 1.06395
766 -0.318718
768 -0.400853
769 0.204228
770 0.518776
772 -0.966414
773 1.37092
774 0.971482
775 -0.0639487
776 -1.51627
777 1.56995
779 -2.07685
780 -1.78369
781 0.831524
784 -0.461798
785 0.379419
787 0.708987
788 -1.57624
789 -1.18717
790 0.819886
791 0.541989
792 -0.0776704
793 0.167392
794 0.330571
796 0.500014
797 -0.420009
799 -2.3968
800 -1.34868
801 1.24853
802 -1.61283
803 0.218072
804 -1.36829
805 -0.160208
806 1.4164
807 -0.736125
808 -0.144228
809 -0.604849
810 0.953769
811 -0.140331
812 -0.773143
813 0.434356
814 0.131453
815 -1.0967
816 -0.712282
817 -0.582015
820 -0.633236
823 0.057631
824 0.169222
825 0.648958
827 0.551109
828 -2.57678
829 1.11061
831 -0.34896
832 -0.131559
833 -0.934511
834 -1.14723
835 0.433103
836 -0.41765
837 1.33952
838 -0.504544
839 -0.911768
841 -0.813271
843 0.634972
844 0.288567
845 -0.0188994
846 0.858497
848 -0.318066
850 -0.403058
851 0.780159
852 -1.18401
853 -0.312111
855 1.57757
856 -0.226867
858 1.11881
859 -0.396915
861 -0.361023
864 -0.00620784
866 0.0167043
867 -1.75538
868 0.777071
871 -0.381085
872 1.16793
874 -0.52032
875 -0.560452
876 0.0764075
877 -0.872597
878 -0.0657798
879 1.89312
881 1.74061
883 0.812249
884 0.289693
885 1.43838
887 -0.895376
888 1.5688
890 -1.29814
891 0.33572
895 0.0180208
896 -0.12831
898 0.689592
899 1.35393
901 0.22139
902 0.235866
903 0.0503164
904 1.54557
905 0.748337
906 -1.48596
907 2.50221
908 0.345085
909 0.898262
910 1.88057
914 0.279203
915 0.11859
917 -0.567122
918 0.900214
919 0.388571
920 0.337474
921 -0.296344
922 -0.994664
925 0.525967
926 1.45866
927 0.310901
930 1.08537
932 -0.536884
933 1.2122
935 -2.64828
937 0.437048
938 -0.751504
939 0.621819
940 0.236803
941 0.131667
942 -0.792282
943 -0.390968
946 0.160207
947 0.435284
948 -1.01418
951 1.57074
952 0.984646
953 0.307984
955 0.240026
956 -0.0895628
957 0.513883
958 -0.887869
959 -1.38368
960 -0.66118
961 -0.758437
963 1.37472
964 0.110664
965 -0.151195
966 0.456841
968 -0.671871
969 0.858375
970 -1.12808
971 -0.0569905
972 0.452741
973 0.628874
974 -0.516311
975 -0.815839
976 -1.17644
977 0.879587
979 -1.03758
980 1.20275
981 0.45986
982 -0.872634
983 2.01584
985 -1.28049
986 -0.291072
987 -1.18332
988 1.01742
989 0.81575
990 0.182246
992 1.18835
993 -0.583932
994 -0.555529
995 -0.375149
997 -0.722476
998 1.65088
999 0.135469
1000 -0.475936
