0 0 0 0
1 1 0 0
2 2 -2.53187 0
3 2.75056 -7.5581 0
4 2.40537 -16.6759 0
5 -11.9353 -38.2188 0
6 -27.9804 -55.0311 0
7 -43.9204 -71.5951 0
8 -59.8129 -88.0826 0
9 -75.6797 -104.534 0
10 -91.5306 -120.965 0
11 -107.371 -137.382 0
12 -123.203 -153.79 0
13 -139.029 -170.19 0
14 -154.851 -186.586 0
15 -170.669 -202.977 0
16 -186.485 -219.365 0
17 -202.297 -235.749 0
18 -218.108 -252.132 0
19 -233.916 -268.512 0
20 -249.723 -284.891 0
21 -265.529 -301.268 0
22 -281.333 -317.644 0
23 -297.137 -334.018 0
24 -312.939 -350.392 0
25 -328.74 -366.764 0
26 -344.541 -383.136 0
27 -360.341 -399.507 0
28 -376.14 -415.877 0
29 -391.939 -432.246 0
30 -407.737 -448.615 0
31 -423.534 -464.983 0
32 -439.331 -481.351 0
33 -455.128 -497.718 0
34 -470.924 -514.085 0
35 -486.72 -530.451 0
36 -502.515 -546.817 0
37 -518.31 -563.183 0
38 -534.105 -579.548 0
39 -549.9 -595.913 0
40 -565.694 -612.278 0
41 -581.488 -628.642 0
42 -597.281 -645.007 0
43 -613.075 -661.37 0
44 -628.868 -677.734 0
45 -644.661 -694.097 0
46 -660.454 -710.461 0
47 -676.246 -726.824 0
48 -692.039 -743.186 0
49 -707.831 -759.549 0
50 -723.623 -775.911 0
51 -739.415 -792.274 0
52 -755.207 -808.636 0
53 -770.998 -824.998 0
54 -786.79 -841.359 0
55 -802.581 -857.721 0
56 -818.372 -874.082 0
57 -834.163 -890.444 0
58 -849.954 -906.805 0
59 -865.745 -923.166 0
60 -881.535 -939.527 0
61 -897.326 -955.888 0
62 -913.116 -972.248 0
63 -928.907 -988.609 0
64 -944.697 -1004.97 0
65 -960.487 -1021.33 0
66 -976.277 -1037.69 0
67 -992.067 -1054.05 0
68 -1007.86 -1070.41 0
69 -1023.65 -1086.77 0
70 -1039.44 -1103.13 0
71 -1055.23 -1119.49 0
72 -1071.02 -1135.85 0
73 -1086.81 -1152.21 0
74 -1102.59 -1168.57 0
75 -1118.38 -1184.93 0
76 -1134.17 -1201.29 0
77 -1149.96 -1217.65 0
78 -1165.75 -1234.01 0
79 -1181.54 -1250.37 0
80 -1197.33 -1266.73 0
81 -1213.12 -1283.09 0
82 -1228.91 -1299.44 0
83 -1244.7 -1315.8 0
84 -1260.49 -1332.16 0
85 -1276.27 -1348.52 0
86 -1292.06 -1364.88 0
87 -1307.85 -1381.24 0
88 -1323.64 -1397.6 0
89 -1339.43 -1413.96 0
90 -1355.22 -1430.32 0
91 -1371.01 -1446.67 0
92 -1386.79 -1463.03 0
93 -1402.58 -1479.39 0
94 -1418.37 -1495.75 0
95 -1434.16 -1512.11 0
96 -1449.95 -1528.47 0
97 -1465.74 -1544.82 0
98 -1481.52 -1561.18 0
99 -1497.31 -1577.54 0
100 -1513.1 -1593.9 0
101 -1528.89 -1610.26 0
102 -1544.68 -1626.62 0
103 -1560.46 -1642.97 0
104 -1576.25 -1659.33 0
105 -1592.04 -1675.69 0
