0 0 1e-06 0
0.1 0.2 1e-06 0
0.2 0.4 6.32967e+11 0
0.3 253.787 1.26593e+12 0
0.4 507.174 1.8989e+12 0
0.5 760.56 2.53187e+12 0
0.6 1013.95 3.16484e+12 0
0.7 1267.33 3.7978e+12 0
0.8 1520.72 4.43077e+12 0
0.9 1774.11 5.06374e+12 0
1 2027.49 5.6967e+12 0
1.1 2280.88 6.32967e+12 0
1.2 2534.27 6.96264e+12 0
1.3 2787.65 7.5956e+12 0
1.4 3041.04 8.22857e+12 0
1.5 3294.43 8.86154e+12 0
1.6 3547.82 9.49451e+12 0
1.7 3801.2 1.01275e+13 0
1.8 4054.59 1.07604e+13 0
1.9 4307.98 1.13934e+13 0
2 4561.36 1.20264e+13 0
2.1 4814.75 1.26593e+13 0
2.2 5068.14 1.32923e+13 0
2.3 5321.52 1.39253e+13 0
2.4 5574.91 1.45582e+13 0
2.5 5828.3 1.51912e+13 0
2.6 6081.68 1.58242e+13 0
2.7 6335.07 1.64571e+13 0
2.8 6588.46 1.70901e+13 0
2.9 6841.84 1.77231e+13 0
3 7095.23 1.8356e+13 0
3.1 7348.62 1.8989e+13 0
3.2 7602 1.9622e+13 0
3.3 7855.39 2.02549e+13 0
3.4 8108.78 2.08879e+13 0
3.5 8362.16 2.15209e+13 0
3.6 8615.55 2.21538e+13 0
3.7 8868.94 2.27868e+13 0
3.8 9122.33 2.34198e+13 0
3.9 9375.71 2.40527e+13 0
4 9629.1 2.46857e+13 0
4.1 9882.49 2.53187e+13 0
4.2 10135.9 2.59516e+13 0
4.3 10389.3 2.65846e+13 0
4.4 10642.6 2.72176e+13 0
4.5 10896 2.78505e+13 0
4.6 11149.4 2.84835e+13 0
4.7 11402.8 2.91165e+13 0
4.8 11656.2 2.97495e+13 0
4.9 11909.6 3.03824e+13 0
5 12163 3.10154e+13 0
5.1 12416.4 3.16484e+13 0
5.2 12669.7 3.22813e+13 0
5.3 12923.1 3.29143e+13 0
5.4 13176.5 3.35473e+13 0
5.5 13429.9 3.41802e+13 0
5.6 13683.3 3.48132e+13 0
5.7 13936.7 3.54462e+13 0
5.8 14190.1 3.60791e+13 0
5.9 14443.4 3.67121e+13 0
6 14696.8 3.73451e+13 0
6.1 14950.2 3.7978e+13 0
6.2 15203.6 3.8611e+13 0
6.3 15457 3.9244e+13 0
6.4 15710.4 3.98769e+13 0
6.5 15963.8 4.05099e+13 0
6.6 16217.2 4.11429e+13 0
6.7 16470.5 4.17758e+13 0
6.8 16723.9 4.24088e+13 0
6.9 16977.3 4.30418e+13 0
7 17230.7 4.36747e+13 0
7.1 17484.1 4.43077e+13 0
7.2 17737.5 4.49407e+13 0
7.3 17990.9 4.55736e+13 0
7.4 18244.3 4.62066e+13 0
7.5 18497.6 4.68396e+13 0
7.6 18751 4.74725e+13 0
7.7 19004.4 4.81055e+13 0
7.8 19257.8 4.87385e+13 0
7.9 19511.2 4.93714e+13 0
8 19764.6 5.00044e+13 0
8.1 20018 5.06374e+13 0
8.2 20271.3 5.12703e+13 0
8.3 20524.7 5.19033e+13 0
8.4 20778.1 5.25363e+13 0
8.5 21031.5 5.31692e+13 0
8.6 21284.9 5.38022e+13 0
8.7 21538.3 5.44352e+13 0
8.8 21791.7 5.50681e+13 0
8.9 22045.1 5.57011e+13 0
9 22298.4 5.63341e+13 0
9.1 22551.8 5.6967e+13 0
9.2 22805.2 5.76e+13 0
9.3 23058.6 5.8233e+13 0
9.4 23312 5.88659e+13 0
9.5 23565.4 5.94989e+13 0
9.6 23818.8 6.01319e+13 0
9.7 24072.1 6.07648e+13 0
9.8 24325.5 6.13978e+13 0
9.9 24578.9 6.20308e+13 0
10 24832.3 6.26637e+13 0
10.1 25085.7 6.32967e+13 0
