0 0 -1e-06 0
0.1 0.1 -1e-06 0
0.2 0.2 -6.32967e+11 0
0.3 -252.887 -1.26593e+12 0
0.4 -505.974 -1.8989e+12 0
0.5 -759.06 -2.53187e+12 0
0.6 -1012.15 -3.16484e+12 0
0.7 -1265.23 -3.7978e+12 0
0.8 -1518.32 -4.43077e+12 0
0.9 -1771.41 -5.06374e+12 0
1 -2024.49 -5.6967e+12 0
1.1 -2277.58 -6.32967e+12 0
1.2 -2530.67 -6.96264e+12 0
1.3 -2783.75 -7.5956e+12 0
1.4 -3036.84 -8.22857e+12 0
1.5 -3289.93 -8.86154e+12 0
1.6 -3543.02 -9.49451e+12 0
1.7 -3796.1 -1.01275e+13 0
1.8 -4049.19 -1.07604e+13 0
1.9 -4302.28 -1.13934e+13 0
2 -4555.36 -1.20264e+13 0
2.1 -4808.45 -1.26593e+13 0
2.2 -5061.54 -1.32923e+13 0
2.3 -5314.62 -1.39253e+13 0
2.4 -5567.71 -1.45582e+13 0
2.5 -5820.8 -1.51912e+13 0
2.6 -6073.88 -1.58242e+13 0
2.7 -6326.97 -1.64571e+13 0
2.8 -6580.06 -1.70901e+13 0
2.9 -6833.14 -1.77231e+13 0
3 -7086.23 -1.8356e+13 0
3.1 -7339.32 -1.8989e+13 0
3.2 -7592.4 -1.9622e+13 0
3.3 -7845.49 -2.02549e+13 0
3.4 -8098.58 -2.08879e+13 0
3.5 -8351.66 -2.15209e+13 0
3.6 -8604.75 -2.21538e+13 0
3.7 -8857.84 -2.27868e+13 0
3.8 -9110.93 -2.34198e+13 0
3.9 -9364.01 -2.40527e+13 0
4 -9617.1 -2.46857e+13 0
4.1 -9870.19 -2.53187e+13 0
4.2 -10123.3 -2.59516e+13 0
4.3 -10376.4 -2.65846e+13 0
4.4 -10629.4 -2.72176e+13 0
4.5 -10882.5 -2.78505e+13 0
4.6 -11135.6 -2.84835e+13 0
4.7 -11388.7 -2.91165e+13 0
4.8 -11641.8 -2.97495e+13 0
4.9 -11894.9 -3.03824e+13 0
5 -12148 -3.10154e+13 0
5.1 -12401.1 -3.16484e+13 0
5.2 -12654.1 -3.22813e+13 0
5.3 -12907.2 -3.29143e+13 0
5.4 -13160.3 -3.35473e+13 0
5.5 -13413.4 -3.41802e+13 0
5.6 -13666.5 -3.48132e+13 0
5.7 -13919.6 -3.54462e+13 0
5.8 -14172.7 -3.60791e+13 0
5.9 -14425.7 -3.67121e+13 0
6 -14678.8 -3.73451e+13 0
6.1 -14931.9 -3.7978e+13 0
6.2 -15185 -3.8611e+13 0
6.3 -15438.1 -3.9244e+13 0
6.4 -15691.2 -3.98769e+13 0
6.5 -15944.3 -4.05099e+13 0
6.6 -16197.4 -4.11429e+13 0
6.7 -16450.4 -4.17758e+13 0
6.8 -16703.5 -4.24088e+13 0
6.9 -16956.6 -4.30418e+13 0
7 -17209.7 -4.36747e+13 0
7.1 -17462.8 -4.43077e+13 0
7.2 -17715.9 -4.49407e+13 0
7.3 -17969 -4.55736e+13 0
7.4 -18222.1 -4.62066e+13 0
7.5 -18475.1 -4.68396e+13 0
7.6 -18728.2 -4.74725e+13 0
7.7 -18981.3 -4.81055e+13 0
7.8 -19234.4 -4.87385e+13 0
7.9 -19487.5 -4.93714e+13 0
8 -19740.6 -5.00044e+13 0
8.1 -19993.7 -5.06374e+13 0
8.2 -20246.7 -5.12703e+13 0
8.3 -20499.8 -5.19033e+13 0
8.4 -20752.9 -5.25363e+13 0
8.5 -21006 -5.31692e+13 0
8.6 -21259.1 -5.38022e+13 0
8.7 -21512.2 -5.44352e+13 0
8.8 -21765.3 -5.50681e+13 0
8.9 -22018.4 -5.57011e+13 0
9 -22271.4 -5.63341e+13 0
9.1 -22524.5 -5.6967e+13 0
9.2 -22777.6 -5.76e+13 0
9.3 -23030.7 -5.8233e+13 0
9.4 -23283.8 -5.88659e+13 0
9.5 -23536.9 -5.94989e+13 0
9.6 -23790 -6.01319e+13 0
9.7 -24043 -6.07648e+13 0
9.8 -24296.1 -6.13978e+13 0
9.9 -24549.2 -6.20308e+13 0
10 -24802.3 -6.26637e+13 0
10.1 -25055.4 -6.32967e+13 0
